0.9929936130964943 0.6190351632493338 -0.008802849835196597 -0.4426886334271945 0.84138609250038 -1.3620189603989614 0.3820628568594023 1.2354091439956931 -0.14896538241935167 0.1743328067897346 -0.0066009171379151224 0.8506941126834605 -0.24479603209882164
-0.7803784082558295 0.3165797479631123 2.789564763813347 -0.15558589928655148 1.6447850792199084 -0.3364500926585858 1.0423132680014429 -0.44901037075217287 0.4875560521128311 0.3142271499769223 -0.02509161937020284 0.37986612499502764 -0.8663606866245109
0.575485657297576 2.6634956685646585 0.5099820078231677 0.10020663024304777 -0.29926952368591797 1.3022340479107777 0.11658482731165906 0.8012938958842256 1.9547845943375057 1.1943333290199714 -0.32760474068375706 0.26685041792091774 0.4193477996169862
-1.1320341389634976 1.06959376809123 -1.6310233640388065 -0.45424094023592115 0.14937856047052525 0.13839451127084665 -0.1735895922517619 0.35972284194031523 0.911954043381955 -0.8419860372402154 -1.3667833320256708 0.11076898736442785 -3.223146817807112
0.0070173686602145015 0.1669972235630616 1.4093760316847261 -0.508319490325635 1.636026360522124 -0.19678880159632994 0.17818577374799666 -1.3208859971272162 0.94540671251786 -0.917273557388696 -1.0979588898315376 0.614374240469311 0.8207596318949553
0.07868584402545535 1.2794147999671819 0.3479827025573207 0.17884049117573728 0.20988749980063698 1.6853974605497628 -0.5056517933158896 1.0157048246735825 1.5816910052534716 0.6104338800848456 -0.22815951585396518 -1.0492484002380205 -1.493681568985577
1.633667950275539 -0.8301684815845243 -0.2893677338949867 -1.593106046868147 1.6334471054673039 -1.3863767196659107 -0.880230961639171 -0.5008436171408677 0.8332438309805886 1.269431048012561 0.09593435931050982 -0.2823130059453923 0.8545170504659061
-0.2997549127338656 0.8331613280048238 -0.14186694987563997 0.3050626484052811 1.1603109744096876 1.4877784903330618 1.78606908297754 -0.08613177273443745 1.0225087346214683 -0.8303088402305058 -0.35218872547730057 0.14959414817322114 0.02115306338028734
0.5766796977652171 0.003404888742438128 0.3741829933459517 -0.0705582040741097 -1.24747219274694 0.9195683151783468 0.6473524385554909 0.7669481922774241 0.799827429637351 -0.13039988429216687 0.11722488184654899 1.0351156365450624 1.8390114223047156
1.0183621892740813 -0.7200335372025467 -1.9117752117934257 0.4551266656415723 -0.9951191691650156 0.15850891384870439 -0.39918062695050727 0.1389684323668436 -0.637227486462477 -1.0440635102678386 -0.4853255376151997 0.7412669791573183 -0.24068304463199752
-1.2375359739584528 2.5313317030676092 -0.14948048614537335 -1.6872128445394423 -0.16587777593039044 -0.5956296134002314 -0.4457506702232801 0.3639107419665025 0.5386521106676662 2.9160387027354284 1.229565430579555 1.5523883950494803 1.2242041627480176
0.9448357971647466 0.8175812236448209 -2.4241808528157915 0.2096924584518079 -1.189221638046483 -1.16969938454418 -1.6804423724538013 0.24829741303976846 -0.8099987375593466 -0.938323961037404 0.7134420589537519 0.4782548804714222 0.02675263564772096
