-1.8091211461510097 -0.11796710629578214 -0.32583364132888987 0.4300758375011887 -0.4440360169127416 1.2229780986235064 1.614346332529106 -0.2789255103158731 0.8337136882538332 -0.008612982164957332 0.5401470228902813 0.40017801217026605 -2.022139378203652
0.28226730787759435 -0.3901227453898039 0.7400218622919285 0.6588453272840239 0.032598812958839686 0.13766814446328657 -0.7078827202825408 -1.4683063374374314 1.2833909500793983 0.9825712044865494 -1.716993091146628 0.8547547504484271 -0.7916625166289759
0.10863642969439347 1.0175316532907845 -0.6384318586613925 -1.4788054197863298 0.8402521967568768 0.0683546582436632 2.7058505263217585 0.4237229586255248 -1.0148149082765063 -1.2317115636104137 0.22390902737179105 1.1446777100436751 -1.0835389145160352
-1.241044013863066 1.155917051621624 0.21775828355376217 -2.5273979143223464 -1.929408536560734 -1.2163357848145726 1.2904772139847116 0.21917432928810293 0.6619429013302901 -1.3860796194291742 -0.7951219642856084 0.6979747324624337 1.4558379061731748
0.2621774943564065 -1.8772618513199109 0.28623106972093887 -0.7034922051970751 1.127498899776384 -1.1074454787559682 -2.592787032165032 0.9825186833357019 0.5169611370293771 0.4589211234974203 -1.110305541693991 1.1481576187092706 0.5483946283953443
-1.9037159076806485 -0.3763764282368653 0.13840085305591884 1.666070470864455 0.7683315740937134 -1.0935943403851933 -0.7225096044652407 -0.08706261298565961 0.14868999073447137 -1.6431921118724597 0.7668368093229044 -0.28197970783821646 -0.3056881876295465
1.9794738462149009 0.8241679880317005 -0.2563940218853541 0.23359153335002508 -0.2349180298782668 1.362021101626595 0.7013004315037457 -0.32996240459310705 -0.15824800726215243 1.47588481980103 0.3654368830755947 -0.7546355575735433 -0.4600455543716405
0.8177364566810462 1.9756505276319738 -0.314409802613441 -0.5208249296461654 1.0640511018767413 1.5557931337147515 -1.3443933615572772 -1.3919832011169049 -0.34667270498981023 -0.53162887688948 -0.02772251335099634 -0.10325918823438747 0.055541937154838183
-1.438967903708822 -0.004843959062114849 0.3955109003036512 0.26167191282782193 -1.1775203741911824 -1.0523006359098293 0.10911897690224558 -0.019371381370214432 -1.3731740743206238 0.46334134011238265 0.9813234291233679 -0.6507740918215797 -0.019121178781944873
-0.977938137514483 0.6818231335753977 -0.39083532098868085 -1.6259831809002496 1.8301287235723616 1.0242227963718513 0.9827198857564485 -0.15668851251778984 -1.370400302735878 -1.5048771368860647 0.38792443589470865 -0.6309367597364254 -0.35115255629088854
0.7467186117902296 0.5370583628062287 0.031213340981026905 -0.9569346340923776 -0.3501098674062849 -0.03737674698239145 0.5879145175152666 -2.280037448764286 0.63406601760372 -0.6853241433729655 1.429713457030465 1.2711866177936861 -0.30229223458525384
1.0931938504652008 0.0037169660393673726 0.40618432238926155 2.3448932449405944 -1.8756124861828043 -0.2345041790970622 0.00796942515996448 2.6350149510358722 -0.986599648429687 -0.6628512497016245 0.9148693899733056 -1.2401611808651023 -0.016510018031132036
