-0.016301340540414565
0.008427303385169628
-0.010722855946209087
0.01080237259225892
-0.014950538979527443
0.011295902022247542
-0.013991652669370401
0.01176730116834062
-0.019604522484848612
0.016166824239556406
-0.019544638861973454
0.014825368077987086
-0.020989888345449705
0.016138281333878866
-0.020211553524241865
0.014945530504177311
-0.021148299674572865
0.017608245793103258
-0.023840967721756326
0.01854413518620211
-0.025104992299841082
0.019551524361254142
-0.026183720670233484
0.01788202512083899
-0.022562879014515903
0.01484900124687699
-0.01969273171878613
0.01306920656862205
-0.01419716572206732
0.006978603767034215
-0.007281298691476049
0.006261987429149475
-0.007909214584899831
0.0070258058276700674
-0.010817752284364816
0.012002103299037016
-0.015920333807341792
0.012667528423203608
-0.01861793911211592
0.014844802832729749
-0.020227669171990596
0.013838604249989218
-0.017262667090278325
0.012559802084005731
-0.01835903743545143
0.013119073158720455
-0.01781151392075601
0.012064877030169494
-0.017582794198342862
0.014471541008307052
-0.02125546647693808
0.01607857659102306
-0.022305979498237143
0.01619728108223244
-0.02208560817917836
0.016130216700828596
-0.022162778986825074
0.016314527687166097
-0.021144132994023283
0.015003322662083844
-0.019993848386933036
0.014203316725706409
-0.019528116877699928
0.01344368342290502
-0.017798778567576723
0.014034565010189778
-0.018693847384595643
0.014954873551431849
-0.021630072585014218
0.016919617523226516
-0.024034699083775028
0.018726630833994645
-0.024135804090800284
0.01805053725670507
-0.0237044131481545
0.01623815801271482
-0.02130541364910053
0.015231179078364047
-0.02075665678119272
0.01612417444620386
-0.023136190375735635
0.017821282094968124
-0.0247965094546891
0.018730143150411972
-0.024299361994788847
0.018146484642647447
-0.024463543957045517
0.01708392533233499
-0.02311845742500658
0.016790929257568896
-0.021524302251614738
0.01601692613650079
-0.02296582145100771
0.01769207599140435
-0.024793825683782293
0.018896952953999617
-0.024932173104949676
0.018215150015343455
-0.024431339036098648
0.016676266253992347
-0.022423880810987895
0.01679730937275796
-0.02187746437221401
0.015947053737114757
-0.022958222323335893
0.018220871138045193
-0.025566085769694845
0.019386840104253397
-0.025074501059382207
0.019076561646193195
-0.02533066682856952
0.01835789006410545
-0.024625907583265938
0.017633779344121074
-0.02280931698979371
0.01677765496994738
-0.023018318867524146
0.01746226018511623
-0.024573221130106675
0.01825522622564385
-0.02411734177735395
0.017711199317586097
-0.02353669282708573
0.016448164012708065
-0.022149393799741693
0.016021907511752077
-0.02132962483882136
0.014780249642957429
-0.020197090463416275
0.015391017662808534
-0.02165411372295689
0.01689208623658606
-0.0226688017175575
0.016938767333151538
-0.02296972452426816
0.01700224975801625
-0.02218767618659103
0.015864081892495968
-0.021438082245969617
0.016180057282117574
-0.02296330040160338
0.017564377724247255
-0.02328108844168416
0.017191537152123595
-0.02397556207566761
0.018359929288796463
-0.024809722410316114
0.017980804708156835
-0.02296334980241161
0.01651531125410472
-0.022825725265572826
0.0169091253036072
-0.022525972151543425
0.016720875212842608
-0.022606257011596995
0.0175358161162171
-0.0240159888025245
0.018475570625857647
-0.02398614620087825
0.017546756251664374
-0.023274682238213044
0.016673078360246597
-0.022418518278269493
0.016087216298697082
-0.0208249074951554
0.01551418175428143
-0.02153870102816117
0.01630916599493678
-0.022506410353928093
0.017368882962771816
-0.02357005280086591
0.018757436582645785
-0.024713351625705066
0.01821366380344473
-0.02315391605243943
0.016449226714072958
-0.022875252943037435
0.017374300428099315
-0.023419340431623675
0.018436278775844098
-0.024506904613467686
0.01905087640372682
-0.025901081443739864
0.020026387629610908
-0.025346311355564102
0.01997094235904673
-0.025155069795154895
0.019609015499794994
-0.02495383892883895
0.01853495849804966
-0.02390552898307339
0.01722506761543785
-0.022860174553851503
0.01756493897752784
-0.023840861356819138
0.018523008355660512
-0.024170759513654265
0.018835404789048785
-0.0247414406405429
0.018615568959499767
-0.02415383024345274
0.01728292293975471
-0.02227176201212529
0.01710699093119349
-0.023104671543831834
0.017864035126682578
-0.023198686662063612
0.018345628709017608
-0.025333903314997075
0.02118644646907674
-0.02543282516429607
0.02051259345761921
-0.023973331612043423
0.019181965249082614
-0.02493674797137735
0.01959457258525941
-0.023596742789620796
0.01882485605165593
-0.0254574298552459
0.020114638433652642
-0.025433711646192816
0.020640539277567968
-0.025293550148394368
0.021435606315186914
-0.025735716112000002
0.019979827195707567
-0.024439724651172987
0.01897977561467558
-0.024530252156598348
0.019037348959197127
-0.024740760367346907
0.019768643236070388
-0.025053606726775837
0.02078627133074374
-0.025169670459599468
0.020403224261714797
-0.025108722029418287
0.018678615160650558
-0.023963325986661246
0.01829244505798723
-0.023391941257095122
0.019194835554242107
-0.023730273992854073
0.01942675045070319
-0.024508358085353534
0.0193022568822806
-0.024510554868906468
0.018251898440362912
-0.024136585043456463
0.01768199005742043
-0.023734116107567486
0.018461209936307482
-0.02311493054325381
0.019551931880728943
-0.024481339518352796
0.020336988504522948
-0.02463872461465516
0.018883505166695937
-0.024894047993204653
0.017520687195445292
-0.023917172365061634
0.016809872845741577
-0.022317729512585684
0.018035649039889873
-0.022796001771062915
0.019314717988509367
-0.023409247427632358
0.019085516444981774
-0.024766742944726704
0.018704790913360952
-0.024237129201899008
0.01541143920467339
-0.02273548403257331
0.015952111171110835
-0.0221349372673805
0.017213768482239027
-0.021622236116665226
0.0191356426743876
-0.024527610252682852
0.020701535690318636
-0.02281301303108886
0.016517488565909504
-0.0235296368310774
0.018281013038610062
-0.021331290470970772
0.014487509605929337
-0.021374790264619834
0.016804314491426935
